11296 522 3084 436
6131 482 379 1333
11408 2577 697 997
10103 757 1511 1917
9761 1357 1093 1147
8889 488 473 3046
5844 804 382 394
15825 5716 384 467
8040 623 1652 408
10732 964 1113 2671
10385 784 2314 376
10998 3183 499 394
11101 665 2094 1725
8530 907 1228 433
10337 1114 1309 2658
11904 1668 2447 354
11383 1582 2233 401
12503 1803 2312 362
10758 591 2517 891
8124 522 1886 540
10946 2439 1075 396
10172 1858 947 996
4467 417 481 554
9683 1324 658 1771
5132 412 385 373
13653 4087 816 444
11241 1088 2356 1089
5226 709 366 369
12874 3578 1015 380
10051 1247 838 2313
11248 1109 2492 405
9859 1015 1056 2423
9494 441 739 3256
9236 531 1665 1361
4390 468 422 362
5623 715 503 563
5774 844 536 591
6174 862 651 682
6395 863 713 811
6716 868 820 799
6814 934 807 799
6701 903 769 797
6689 920 777 801
6685 914 762 798
6767 934 775 805
6692 916 754 799
6747 921 766 822
6807 930 767 876
6767 925 761 856
6764 920 767 859
6826 932 786 855
6820 927 766 862
6817 934 782 858
6753 924 765 852
6698 924 765 858
6883 933 775 835
6838 935 770 854
6806 934 770 852
6831 928 773 862
6895 939 773 848
6789 912 756 850
6819 924 769 847
6892 934 793 861
6830 895 798 855
6806 899 792 855
6826 894 800 860
6864 916 788 856
6851 912 791 854
10358 965 998 2121
12640 2628 1538 523
13597 3547 1172 385
5276 495 540 468
11853 520 3178 982
10262 2435 798 485
12213 2467 1354 1006
13035 842 3726 426
8535 1919 514 467
11199 2792 626 601
9871 961 2112 402
11703 1414 2140 892
11969 2094 2053 400
11421 2712 744 920
10594 652 2732 378
10267 2186 492 1535
84508 775 21776 36134
66599 842 1029 59596
83226 1137 606 75830
154999 840 17574 114824
262055 852 76069 104630
273710 686 64095 141280
380061 905 60015 255119
381723 813 48915 279462
364631 845 41690 276282
331016 879 5845 314029
339875 871 8147 318088
279329 716 1212 272553
321418 778 13043 290629
287005 781 1545 279345
298432 703 5114 283650
297715 716 15202 262824
342164 711 80082 177627
405568 897 120429 158696
489892 663 165419 154571
527558 788 205260 112203
445574 643 167312 106413
491617 912 182144 122517
526173 902 234398 52559
604808 732 283761 29089
737408 1050 365931 405
807352 803 395963 10282
782935 747 389156 402
786735 752 380654 20767
871927 602 433362 496
825824 774 407198 6251
718697 811 353479 7288
714262 875 354169 793
747609 943 367324 8268
698836 818 341552 10932
721003 849 312677 91171
700285 717 298982 98179
699380 793 292961 108481
753878 659 328022 93543
771813 728 346460 74703
807055 975 357599 86906
697974 2759 303152 82958
305193 767 98184 104296
18085 6305 681 387
20704 7606 527 376
18230 1364 5107 998
12200 1042 3184 413
21981 2509 5877 1140
16539 4191 863 2359
18279 6909 370 407
18580 4295 3081 402
10714 3506 355 382
19252 5184 1199 2238
11363 497 474 5987
13618 2819 556 3080
12295 2499 1440 988
19136 5379 1590 1067
16019 848 5120 994
17631 1609 4013 2816
9647 1085 772 2409
15208 865 2791 4582
15522 5363 330 634
15173 2635 2492 1288
16814 900 2617 6252
5727 1045 395 636
15534 3531 673 3524
13154 1123 1318 4455
16501 4914 1071 577
17658 5976 684 454
7979 1767 424 385
18113 2399 4591 411
15738 2907 2767 1041
15494 1735 462 7608
11841 711 3161 465
13323 1586 1257 4377
16264 2548 2579 2157
16428 4397 2107 368
4956 395 395 440
13480 2417 1307 2800
16350 4024 1506 2346
15332 4027 803 2287
10408 1251 1063 2421
13372 1133 498 6651
15663 5115 943 406
18260 5388 656 2428
13152 3758 912 602
18894 6453 827 444
11301 1005 726 4376
15584 4373 1268 950
11835 1014 828 4858
17673 5374 987 1764
18761 5569 1662 534
16034 690 3386 4491
10878 1389 1590 2038
22460 8294 861 423
18040 7017 357 404
10591 1582 1370 542
19480 5460 1582 1014
4747 446 474 570
6000 793 564 796
6529 888 770 704
6695 872 811 818
6387 872 780 542
6442 873 797 561
6563 895 787 653
6677 882 807 766
6685 878 792 774
6750 887 803 776
6666 888 778 803
6718 883 793 800
6701 873 778 806
6758 900 781 809
6654 866 785 806
6776 890 806 807
6490 889 778 800
6654 880 796 811
6451 881 641 803
