9983 2304 630 409
4185 435 377 371
15658 793 4842 580
13537 3982 519 384
4795 416 336 321
9934 593 898 3279
9997 661 463 4234
10833 1394 857 2211
10051 609 2044 840
5292 536 422 411
12477 572 2358 2141
9755 600 626 3101
4990 439 386 832
13410 490 4055 392
11697 1527 1203 1800
7616 820 1046 719
14631 630 4276 534
8726 677 400 3234
10384 1016 1660 1557
10493 600 1759 1679
6265 482 643 364
6888 849 627 892
11892 2363 1476 417
12132 2167 767 2667
10733 713 1421 2016
10068 1156 512 3000
12379 553 3401 405
11197 624 2475 770
12023 810 2716 778
11740 680 1344 3515
13520 404 3340 2128
11577 1321 2239 453
14385 729 4360 390
14377 675 4368 405
11308 1337 1892 480
9564 635 721 2714
9735 1817 693 583
10986 1693 889 2041
9434 621 1952 646
9629 889 1847 382
12660 427 3852 390
12269 486 2985 947
11183 451 2897 1392
4919 522 380 806
5647 726 467 777
6496 827 782 782
6470 833 769 783
6470 827 774 787
5711 817 405 782
6284 842 637 780
6527 838 780 783
6102 853 566 819
116298 822 824 110641
6346 825 807 812
6373 833 787 778
6447 825 789 772
6160 832 782 778
6373 845 785 747
6130 829 787 756
6317 819 796 764
12968 1783 1173 3768
13244 1150 3278 370
9339 1023 1909 371
11285 572 2440 1020
10857 666 2447 656
10942 626 1016 3033
12750 599 3269 845
12805 3643 803 473
11645 2715 730 847
10760 1252 1013 2060
10505 1051 1852 678
11093 2137 996 431
12540 1064 2930 348
9802 1812 877 425
4688 437 381 711
21910 1032 7615 412
119383 690 49740 15297
173002 675 78556 11422
70760 787 20303 25316
48927 757 9781 25140
108341 726 6328 90465
157281 589 33933 84982
175721 763 63871 43380
224200 631 84341 50923
197764 586 94683 4250
214782 665 94301 21570
239676 853 113310 7958
249691 629 119408 5927
275985 660 131984 7142
337472 880 162520 7633
358718 919 175810 2293
384204 733 171250 37371
338490 672 131547 70961
320877 745 157982 510
397403 676 187678 17247
510828 743 227103 51823
563883 740 272281 14863
603603 912 298347 417
592933 644 276071 36779
636763 820 306882 18280
836328 899 414685 1588
835674 666 407820 15519
817722 922 401721 8765
736168 796 363854 3827
770329 799 382277 486
827060 732 410462 575
775046 689 358532 54115
735489 778 329064 72562
778855 859 350345 73273
779701 1015 362709 49452
766532 752 368519 25064
769894 674 377617 10237
817946 1118 368220 75894
871525 719 387053 92813
928189 837 412128 99060
841474 669 418095 580
471646 536 188996 89463
29736 590 532 24637
6412 728 692 442
14829 2993 813 3845
19785 739 5832 2386
8849 1037 1249 456
17404 432 6423 385
9410 2433 410 414
19477 5128 2031 1260
10275 783 2474 468
18178 687 6823 349
15331 597 5201 338
18851 611 5735 1929
16768 3860 2386 843
16150 886 3743 3332
12590 754 1288 4560
11447 1909 1266 840
11322 498 710 5173
14325 4106 920 492
16087 576 5307 764
11052 1527 582 3714
16242 5556 577 353
17156 5494 1249 380
16916 4508 1301 1676
15818 4537 561 2068
15760 3119 2062 1945
10779 705 474 5117
17618 902 4497 2879
10389 928 572 3548
18869 2712 4567 435
14460 1321 2631 3029
19092 905 6547 384
11798 408 482 5982
18297 5858 532 1473
11829 1587 827 3157
14854 2819 620 4389
10989 574 1005 4385
18274 4916 2064 1047
14862 598 4946 395
21933 6201 2333 904
12054 696 1659 3593
10719 2223 1084 411
14125 909 4183 739
8377 1643 557 449
18883 5101 1926 816
9985 1453 1533 452
20290 7674 527 348
13546 755 4179 466
10677 599 689 4738
17523 2163 3857 1478
12394 565 640 6379
7015 591 1030 414
19973 974 6304 1353
17504 744 5210 1315
12518 2857 1357 451
5466 608 520 722
6413 823 771 765
6401 829 750 775
6426 822 774 772
6025 827 570 787
6625 843 804 784
6575 833 799 783
6538 829 796 781
6525 826 796 782
6645 820 790 813
6649 816 791 812
6749 843 801 795
6577 821 805 776
6578 818 805 780
6545 810 797 789
6556 816 800 785
6600 827 803 803
6565 820 794 784
6464 820 777 798
6558 818 777 783
6620 818 792 801
6575 822 790 786
6572 820 789 777
6557 816 789 779
6608 835 791 785
6624 834 792 792
6587 827 791 799
6539 823 779 786
6663 850 781 792
