8999 466 1865 597
10349 763 427 4319
19803 6472 1067 631
11484 387 422 6012
5133 424 443 507
17929 5975 779 1107
12097 2019 934 2791
18393 6550 558 468
16128 4719 825 1774
16802 2166 3308 1915
13809 2270 551 4447
14020 2600 1331 2981
11373 1526 499 4182
15927 4441 778 1941
11897 1928 481 3464
13607 1685 564 5678
9276 1340 1186 552
18896 4807 2551 441
16648 5720 592 450
12974 2063 2398 475
17738 5503 757 1826
15743 4001 644 2826
4585 421 345 422
19825 7343 618 417
9396 788 398 3621
17918 5552 1161 886
16816 5307 638 1430
12890 2168 1628 1893
12365 527 512 7129
4850 426 355 510
15838 2774 877 4893
11991 484 756 5786
4250 386 357 437
20198 7215 815 580
16155 4729 1305 457
11270 3044 838 440
4136 309 404 557
4149 338 423 607
5380 620 696 856
57235 726 766 51946
6271 795 763 869
6395 802 759 854
6369 799 750 887
6478 828 776 856
6087 594 795 912
6477 795 791 870
6357 755 793 854
6446 797 786 854
6313 748 771 853
6490 810 783 853
6431 753 789 855
6443 811 778 855
6360 747 795 855
6491 803 790 859
6049 588 788 877
6040 596 789 870
18360 1011 6090 884
15854 1212 3642 2274
14949 522 5136 446
18819 5797 1550 508
11876 1362 826 4416
15097 3055 1503 2382
13834 666 2663 4149
16080 4727 687 1877
15596 4889 692 492
8169 896 1012 1438
11030 822 432 5229
4666 339 791 467
14466 2459 516 5153
119104 657 56801 1263
55818 774 9000 33050
133207 664 40551 47852
142957 728 31544 74682
70975 782 2778 60721
132883 696 14544 99422
171821 715 19686 127993
152081 599 949 145907
171622 744 787 164569
134070 796 14157 100832
216815 1459 60145 89666
263686 982 67828 123247
269874 980 58809 147452
376490 736 114676 142907
467748 771 130274 202888
441266 954 119069 198263
494249 826 107177 275264
455481 909 82794 284680
465959 912 94415 272537
576807 847 132579 306950
605653 1084 138518 323644
562315 856 108581 340656
495431 523 57367 376500
503935 858 41712 415696
505998 962 47756 405504
437455 739 27884 377474
432442 937 10194 404959
412601 603 5296 397824
398972 787 24488 345170
382345 739 47372 283577
472595 752 73426 321163
514715 842 73049 363904
493808 846 66042 356849
443519 733 48626 332648
496541 826 32697 426013
415935 819 18127 375226
556401 819 83380 385005
543673 818 91368 356483
675725 778 118750 433466
647018 866 126533 389259
577076 896 93952 382676
402305 831 36754 324379
17847 2878 568 6791
15897 4782 708 1183
17107 4121 2371 425
16618 2987 3267 619
12595 624 999 5454
13365 2377 1792 1001
17008 4426 529 3119
13550 1953 553 4359
19443 6596 1069 420
11887 589 584 6108
20394 740 7444 448
10305 1286 1779 923
12317 783 767 6096
15590 4285 394 2698
16159 2319 3343 862
16454 980 5384 438
14086 1616 2311 2503
4941 613 357 400
14077 3314 747 2776
16421 4434 1770 810
15909 4726 697 1225
10956 1516 546 3435
19560 6874 948 509
13899 1159 639 6242
16074 3551 924 3559
10387 672 494 4680
17804 2716 3505 1312
15444 4329 1205 440
18028 3248 3723 447
15480 4756 908 938
4583 388 400 896
17306 560 5989 1210
5361 616 434 423
12351 448 391 7756
6639 1247 529 817
20010 5777 2218 458
4167 342 694 368
11461 540 713 5713
15368 2154 2253 3615
14813 3359 983 2758
10705 911 393 4565
18299 1547 5337 574
11344 678 802 4712
5377 866 368 600
19270 5778 1907 439
15741 4539 1367 454
17656 4882 1902 473
16257 2698 2503 2112
14307 2921 1521 1924
12631 1508 1003 3476
4603 437 375 473
19708 7143 668 598
13039 1145 620 5633
6572 799 397 807
16551 1015 3951 3337
6705 635 1005 864
5061 514 455 871
5163 516 426 871
5660 689 513 879
6687 796 800 898
6617 820 789 870
6620 832 791 865
6295 802 652 863
6527 814 807 869
6720 825 792 871
6677 825 800 862
6630 829 800 849
6647 825 799 851
6670 819 795 860
6649 823 800 861
6637 823 811 863
6628 837 782 863
6607 813 783 858
6465 832 748 858
6608 817 793 856
6633 820 790 871
6484 767 780 852
6535 789 784 856
6474 784 779 858
6513 766 795 858
6557 802 778 857
6526 792 785 859
6505 787 780 858
6580 785 783 857
6567 789 774 867
6560 793 780 857
6302 805 792 847
6565 797 791 851
6640 798 801 866
