11683 617 2266 1706
12471 3177 998 315
10767 517 2934 532
5871 914 354 365
8244 578 449 2792
7081 570 1166 366
12777 3600 494 788
10214 3054 360 354
10719 1911 1054 875
10752 1831 1377 845
11041 575 3136 323
8638 1129 907 1125
11289 1249 2306 608
12581 682 3421 560
10529 2357 774 924
11609 810 3045 307
11052 2421 936 342
9620 1103 883 2243
10505 2297 869 382
8287 725 910 1997
11001 2262 1131 690
4425 406 405 664
8403 809 1335 1087
10144 2229 1202 336
6508 1435 551 324
13579 615 3635 1553
11372 1942 877 1750
8379 748 1537 383
11343 3051 789 329
10879 1390 2047 818
7879 662 495 2314
4188 350 453 299
5110 374 662 570
5802 532 733 759
6282 706 791 760
6515 818 750 759
6469 828 738 758
6574 816 804 756
6597 814 802 763
6716 815 813 814
6572 813 802 775
6566 810 797 772
6561 823 800 770
6479 811 785 733
6557 813 797 769
6554 816 800 775
6581 826 803 773
6527 813 795 768
6500 809 784 730
6461 808 776 758
6445 820 762 760
6534 816 790 773
6535 817 792 761
6567 813 805 796
6584 827 813 777
6530 814 803 771
6545 808 818 776
6543 816 811 771
6512 804 809 772
6527 811 806 772
6586 819 815 771
6470 813 797 730
6488 825 796 726
9275 652 1076 2599
9839 893 1585 1388
9279 514 1483 2319
11423 2354 1147 1360
10908 463 2295 2227
9060 1394 1377 410
13413 521 4227 502
5238 707 375 412
12781 3619 666 390
13467 4056 583 374
5221 524 381 347
9933 861 676 3073
5031 704 412 336
9343 2141 765 314
10597 2828 507 866
9395 1681 565 1933
125468 589 48047 24951
125334 642 48098 24884
149998 799 54875 35651
77442 607 16101 41191
106273 824 10346 80570
120272 693 17488 80571
153278 688 17713 113003
174086 821 718 167384
131154 733 5847 114266
126396 806 8744 104607
152399 794 33479 80987
136076 734 22696 86429
119707 634 5084 105172
147108 675 5969 130989
182361 725 20092 137913
187008 919 20348 141208
148053 757 2179 138876
144272 781 38402 62656
188665 912 69424 44463
198709 762 70241 53127
231532 714 107062 12970
407044 1005 199807 686
399971 892 188799 16996
417331 819 188581 35394
495189 894 243368 2694
506905 743 246629 9200
507108 745 235961 30582
508394 854 217066 69586
438618 1099 186749 60113
486695 828 222152 37477
485491 849 237248 6829
470059 630 223283 19060
418732 991 177362 59060
337681 1047 114142 103581
247416 886 87414 67834
216710 873 19575 172729
224371 615 17312 185208
315387 675 74834 160901
515090 731 170452 168893
596430 833 170786 249407
437269 576 116296 200695
114728 1803 1793 104298
16001 803 4513 2360
13311 2098 1511 2106
15064 427 5074 327
9675 1211 1641 441
17981 887 5971 960
14324 2219 2948 353
5552 863 390 338
12062 2965 754 1235
16075 4988 694 1283
11345 1696 1915 1076
13150 1923 2058 1935
15968 1456 4628 479
14383 3039 1614 1583
13796 665 4647 319
15443 4515 816 1412
9063 433 1325 2170
13211 2124 2435 318
13077 2611 2264 480
8835 1244 1124 595
14328 809 4435 617
13855 1468 3589 363
15740 811 4363 1917
12246 3278 536 1909
11095 1318 1130 3124
9771 873 814 3591
17200 5382 1127 342
13712 4169 1126 325
13974 4131 971 606
11654 2271 1447 589
17510 5171 1576 321
14227 2463 2660 349
12158 3433 724 453
16775 5464 807 351
19054 7039 566 428
14668 708 3881 1596
17528 5940 933 375
12865 2638 887 2121
8487 1702 896 454
15682 2665 3013 437
8183 1196 882 405
16307 5608 472 672
14271 4654 586 364
14340 3124 1633 765
6021 1252 381 333
16329 4052 2191 406
7966 534 1583 430
15741 4778 1376 363
14176 4733 533 376
12028 1537 2286 388
17051 2584 3667 387
15663 493 5456 336
15518 3844 1966 336
4407 587 386 396
5525 678 602 560
5986 816 615 705
6008 760 679 794
6146 736 713 832
6560 834 783 795
6168 822 689 761
6379 810 796 763
5891 819 781 761
5953 818 778 761
6481 813 807 767
6479 807 803 755
6468 813 803 755
6466 813 804 765
6491 807 811 763
6450 805 800 765
6511 814 795 767
6438 811 793 772
6521 812 805 763
6433 804 802 763
6421 795 804 764
6375 793 805 757
6443 798 794 753
6300 740 794 748
6396 789 791 763
6380 792 783 762
6387 788 792 762
