18220 481 5627 2380
4181 338 364 399
11675 657 483 6105
16800 4624 920 2436
5050 897 423 601
22164 512 8519 359
10280 1713 1705 456
13215 490 2907 2661
16791 4575 550 3029
12510 643 1542 4805
18312 3463 3334 1480
7952 784 1281 677
17045 3542 844 4502
16287 5591 579 431
15998 1670 3830 1504
16213 929 5166 387
14145 1243 2537 3311
15707 1281 4125 1431
18279 5980 757 1147
13258 891 3815 446
18928 3774 2714 1445
11087 3156 609 470
19113 7188 619 415
10638 1509 378 3386
18544 1424 5013 1858
16128 5009 534 1335
4632 464 469 609
17224 5916 439 1187
12436 713 3744 429
17778 5696 1228 375
7828 1780 472 409
16747 3554 950 3761
12574 2509 1376 1001
15135 4065 1258 620
10502 1814 691 2855
15668 3626 1985 1336
3999 349 437 779
5180 541 773 794
5808 725 780 848
5868 771 778 790
6244 788 782 793
6305 783 784 787
6517 807 789 789
6352 789 773 686
6440 798 775 791
6491 820 778 791
6161 776 780 786
6426 814 774 786
6451 810 771 786
6959 867 800 827
6542 812 782 791
6454 806 772 779
6467 799 779 789
6420 820 778 788
6520 809 783 814
6511 817 783 821
6249 800 778 794
6285 793 786 791
6432 799 778 817
6489 821 787 789
6485 804 787 795
6511 818 795 787
6417 814 747 819
6447 817 782 788
16247 659 5582 518
16070 2183 3449 1580
11694 620 1470 3754
18831 725 4451 4703
15164 3611 2063 765
15637 4990 797 645
6544 798 725 547
12387 1291 440 5453
4836 439 354 969
19594 6208 868 1331
14881 3016 632 3218
4270 383 343 376
16090 1357 2349 4865
12746 771 801 5500
28024 1907 8961 3182
155083 636 68076 14480
189715 725 92370 424
231992 661 112243 2866
288635 891 133779 15527
248234 969 110147 23181
258624 723 92137 70045
318015 750 136972 38260
412471 496 177880 52338
522070 792 203216 110728
552716 738 223150 102129
557666 757 205312 142524
491538 671 190152 106812
441313 728 206260 23884
442435 1237 214730 6917
441073 957 207106 22103
449309 959 220837 2945
476655 882 229560 12611
567661 674 281428 485
574692 922 284389 605
612459 715 302956 2291
588786 628 290802 3099
741944 754 368125 625
828899 652 409576 4528
882215 684 437920 694
914196 1063 453939 482
890954 787 438664 9005
805284 808 399729 956
765751 652 367704 26096
799018 719 383044 28550
755898 869 371314 7696
750994 709 359952 26822
750594 665 359342 27561
731135 676 357634 11884
707251 681 344238 14160
709770 683 336372 32492
745002 1293 333129 73300
767545 729 338902 85235
773528 747 326092 116783
845620 708 345331 150845
710678 958 297810 109707
339926 1030 104341 126309
16424 4551 974 1038
13191 503 403 8111
16354 1647 3352 2803
10419 1319 1024 2866
15675 592 4352 2114
4871 363 427 463
20027 5107 2852 349
16146 1103 4928 756
17537 5661 1247 402
14457 909 3622 2003
17898 6183 842 476
15698 2471 3561 414
10860 2518 928 483
20520 6880 795 1097
11393 1290 846 3105
17318 3916 1647 2259
17558 688 5888 363
10164 2259 740 461
16395 3976 1222 2211
12773 2445 719 2753
9550 912 1425 472
13034 1358 919 4499
5061 402 343 451
16029 2234 1799 4331
6331 1163 457 418
13733 2273 372 4923
14095 2923 829 3377
6228 1090 398 430
11657 418 1018 5360
19644 5554 2275 405
14044 4600 594 495
17252 3558 3095 383
12624 3097 474 2176
13321 4026 879 534
17392 3121 2658 2371
15047 4820 823 642
53460 607 1078 6704
13842 1050 4064 346
13465 492 2139 4238
11704 707 494 5494
4777 372 351 457
14560 997 3158 2352
13214 467 402 8278
14485 1745 3283 408
14259 866 3221 2109
12540 1539 490 4883
9469 1450 1199 599
13783 1912 1171 3792
10541 675 440 5063
18673 6748 386 448
15420 5394 645 398
8489 871 584 2481
11930 547 1168 5047
14800 2745 1721 1937
3914 338 309 460
5492 522 782 619
5385 654 779 449
10409 681 3291 533
6224 781 784 784
6690 817 834 801
6609 887 819 798
6570 800 831 796
6536 800 817 797
6551 805 822 796
6538 813 806 799
6569 799 818 799
5213 499 805 341
5311 421 798 827
5903 618 801 791
6264 709 831 793
6373 794 810 788
6492 795 822 790
6363 791 806 792
6511 809 818 788
6494 795 807 787
6503 795 828 785
5541 457 803 789
6080 614 802 849
6638 782 829 864
6606 789 814 847
